This is the setup file. Change the third column and be
 careful not to remove the space.

centerFrequency = 96.6
lock = False
delay = 0
loopNr = 3
loopMode = True
vecmode = False
R = 6336608.05277
sOrigin = [6336608.0527689504, 1.0447020910734424, 0.30792066448754191]
cOrigin = [5222005.0651123887, 1660787.338296579, 3181988.3927052012]
xO = [0.38694709815571732, 0.38694709815571732, -0.8369849977495053]
yO = [-0.41367798666095001, 0.88406936738741593, 0.21746695610910047]
zO = [0.82410100508433581, 0.26209406112326189, 0.50215957278827528]
tMat = [[0.38694709815571726, 0.3869470981557173, -0.8369849977495051], [-0.41367798666094985, 0.8840693673874156, 0.2174669561091003], [0.824101005084336, 0.26209406112326195, 0.5021595727882755]]
oPressure = 1015.53644228
oTemp = 30.2482793223
decimation = 64
cutoff = 9100.0
transition = 10000.0
